0
0
0
113
95
102
106
100
90
82
88
99
104
108
117
131
140
139
133
130
129
127
126
124
124
126
125
125
125
126
126
127
127
130
129
126
119
117
122
127
129
130
130
130
129
128
128
128
128
130
130
130
130
131
133
135
136
137
137
137
138
139
139
135
131
126
122
119
120
123
126
128
130
132
134
135
137
139
140
142
143
144
145
146
147
147
148
148
149
150
151
153
155
157
159
160
161
161
162
162
162
162
162
162
162
162
161
162
162
162
162
163
163
163
162
162
163
164
163
161
162
164
166
167
168
167
167
165
165
164
163
162
162
162
163
164
165
167
168
170
172
173
175
177
179
182
184
187
190
192
195
198
200
202
203
204
205
207
208
209
209
210
211
211
212
213
213
213
213
213
213
212
212
212
212
212
212
213
213
213
213
213
213
214
214
214
214
214
214
214
214
214
214
214
214
214
214
214
214
214
214
214
214
213
213
212
212
211
211
211
211
211
211
210
210
210
210
210
210
210
210
210
210
209
210
210
210
210
210
210
210
210
210
211
211
211
210
209
208
206
205
203
202
201
199
197
193
190
187
183
180
178
175
174
172
172
172
172
172
174
175
178
180
183
187
191
195
198
202
204
206
208
210
211
212
213
213
213
213
213
213
212
212
211
210
208
207
205
203
200
198
195
192
189
186
183
180
178
175
174
172
172
171
171
171
172
173
174
176
178
181
183
186
189
193
196
199
203
205
207
210
211
212
213
214
214
214
214
214
213
213
212
210
209
207
205
203
200
197
194
191
188
186
181
178
176
174
172
171
171
171
171
171
172
173
174
176
178
180
183
186
190
193
196
199
202
205
207
209
210
212
212
213
214
