0
0
0
0
0
0
0
0
0
0
0
0
0
0
0
0
0
0
0
0
0
0
0
0
0
0
0
0
0
0
0
0
0
0
0
0
0
0
0
0
0
0
0
0
0
0
0
0
0
0
0
0
0
0
0
0
0
0
0
0
0
0
0
0
0
0
0
23
23
23
23
23
23
23
22
384
22
46
60
75
77
79
81
81
81
80
80
23
27
45
126
156
156
155
152
145
140
138
133
127
123
125
129
141
155
168
175
173
159
153
155
160
164
161
152
145
140
138
134
128
124
125
128
128
127
124
120
119
119
118
117
118
121
124
126
125
123
119
111
100
81
76
72
70
69
71
75
79
82
80
81
82
68
66
67
68
70
74
71
71
74
76
80
85
93
103
112
122
125
131
135
149
153
154
157
154
156
162
156
153
149
158
158
160
161
165
164
166
171
172
180
182
186
187
176
169
158
152
155
158
152
140
129
119
116
113
110
109
107
107
107
108
110
115
121
125
139
149
134
121
129
131
131
136
139
138
141
145
147
149
150
152
155
159
163
169
171
172
175
177
182
184
185
187
188
190
191
193
193
193
194
194
194
194
193
192
191
190
188
188
186
181
181
183
189
190
191
193
193
193
193
192
192
191
191
191
190
189
189
189
190
193
196
198
197
197
198
198
198
197
196
195
194
195
195
195
196
195
195
194
193
192
190
188
185
183
185
186
187
187
186
184
184
184
185
186
188
188
188
190
191
192
193
193
192
191
190
190
189
188
186
183
183
184
186
190
192
191
191
191
191
191
191
191
191
191
190
190
189
189
189
189
188
188
188
187
187
186
186
186
185
186
186
186
186
186
186
186
186
186
186
186
186
186
186
186
186
186
186
186
186
186
186
186
186
186
186
186
186
186
186
186
186
186
186
186
186
186
186
186
186
186
186
186
187
187
187
187
187
187
187
187
187
188
188
187
187
187
187
187
187
187
188
187
187
187
187
187
187
187
187
187
187
187
187
187
187
187
188
188
189
189
189
189
189
189
189
189
189
189
188
189
188
188
189
189
189
189
189
189
189
189
189
187
186
186
186
186
187
187
187
187
187
187
187
188
188
187
187
186
186
186
186
186
185
184
184
184
185
185
185
185
185
185
184
184
184
184
184
184
184
183
183
183
182
182
182
182
182
181
181
181
181
181
181
181
181
181
181
181
181
180
180
181
181
181
181
181
181
181
181
181
181
181
182
182
182
182
182
181
181
180
180
179
177
176
175
175
176
178
179
181
183
184
184
182
179
174
171
169
167
168
170
173
176
179
183
184
182
179
177
171
169
168
168
170
173
174
179
182
183
180
175
171
168
166
166
167
169
172
175
179
182
182
180
176
174
169
168
167
168
170
173
176
178
182
183
181
177
173
170
168
168
168
170
173
176
179
183
183
180
176
173
170
169
169
170
172
175
178
182
184
182
178
174
171
170
169
170
171
174
177
181
184
183
179
175
172
169
169
169
170
172
175
178
182
183
180
176
173
170
169
170
171
173
176
179
183
184
183
179
175
174
170
170
170
171
174
177
181
184
184
181
177
173
170
169
169
170
171
175
177
182
185
184
182
177
174
171
170
169
169
171
174
177
179
184
183
180
176
173
171
169
169
170
172
175
178
183
184
185
183
178
174
171
169
169
169
171
173
176
180
184
184
181
177
173
171
169
169
170
172
175
178
182
184
183
179
175
172
170
169
170
171
174
177
180
184
184
182
177
174
172
169
169
169
171
173
177
181
184
183
180
176
173
170
169
169
169
173
175
178
183
184
182
178
176
171
169
169
170
171
172
177
181
184
184
181
177
173
171
170
170
171
173
176
179
183
185
184
180
177
174
172
171
171
172
175
178
181
185
186
184
180
176
173
172
171
172
173
176
180
184
187
186
185
183
177
174
172
171
172
173
176
179
182
185
185
182
178
175
172
170
169
170
172
175
176
181
184
183
180
176
173
171
170
170
171
174
177
180
184
185
182
178
174
171
170
170
170
172
175
178
182
184
182
178
174
171
170
169
169
171
174
177
178
184
183
179
175
171
169
168
168
169
171
174
177
181
184
184
179
175
172
170
169
169
170
172
176
179
183
183
181
179
174
171
169
168
169
170
173
176
180
183
183
180
175
172
169
168
167
168
170
173
176
181
183
181
180
176
172
170
169
169
170
172
175
178
182
183
180
177
173
171
169
169
170
172
175
178
181
183
181
177
174
171
169
169
169
171
173
176
180
184
183
179
176
172
170
169
169
170
172
176
179
182
183
181
177
173
170
169
169
170
172
175
177
181
183
180
177
173
172
169
169
170
172
175
177
181
183
182
177
173
170
168
168
168
170
173
176
179
184
185
182
178
174
171
169
169
169
170
173
176
180
183
182
179
175
172
170
169
169
170
173
176
179
182
182
179
175
172
170
169
169
169
171
172
177
181
183
182
178
174
171
170
168
169
170
173
176
179
182
183
180
176
173
171
169
169
170
172
175
178
183
184
181
177
174
171
169
169
170
172
175
178
182
183
181
178
174
171
169
169
170
171
175
177
181
182
181
177
173
170
168
168
168
170
173
175
180
183
182
178
174
171
169
168
168
170
172
176
179
183
182
179
175
171
169
167
168
169
171
175
178
182
183
181
177
173
170
168
168
168
170
172
176
179
182
183
180
176
173
170
169
169
170
172
174
177
180
183
183
180
176
173
170
169
169
170
172
176
179
183
185
183
180
176
173
171
170
170
172
174
178
181
185
185
182
179
175
172
170
170
171
173
176
179
183
185
184
180
177
174
173
171
171
173
176
179
182
185
184
180
178
174
172
172
173
174
178
181
184
185
183
179
175
173
172
172
173
175
178
182
185
184
181
177
174
173
172
173
174
177
180
183
185
183
179
176
174
172
172
173
175
178
181
184
186
183
179
176
174
172
173
174
175
180
183
186
185
182
178
175
174
172
172
173
175
178
181
184
186
183
181
176
174
173
173
174
177
180
183
186
186
183
179
176
