50.0
25.0
12.5
6.25
3.125
1.5625
0.78125
0.390625
0.1953125
0.09765625
0.048828125
0.0244140625
0.01220703125
0.006103515625
0.0030517578125
0.00152587890625
0.000762939453125
0.0003814697265625
0.00019073486328125
9.5367431640625e-05
4.76837158203125e-05
2.384185791015625e-05
1.1920928955078125e-05
5.9604644775390625e-06
2.9802322387695312e-06
1.4901161193847656e-06
7.450580596923828e-07
3.725290298461914e-07
1.862645149230957e-07
9.313225746154785e-08
4.6566128730773926e-08
2.3283064365386963e-08
1.1641532182693481e-08
5.820766091346741e-09
2.9103830456733704e-09
1.4551915228366852e-09
7.275957614183426e-10
3.637978807091713e-10
1.8189894035458565e-10
9.094947017729282e-11
4.547473508864641e-11
2.2737367544323206e-11
1.1368683772161603e-11
5.6843418860808015e-12
2.8421709430404007e-12
1.4210854715202004e-12
7.105427357601002e-13
3.552713678800501e-13
1.7763568394002505e-13
8.881784197001252e-14
4.440892098500626e-14
2.220446049250313e-14
1.1102230246251565e-14
5.551115123125783e-15
2.7755575615628914e-15
1.3877787807814457e-15
6.938893903907228e-16
3.469446951953614e-16
1.734723475976807e-16
8.673617379884035e-17
4.336808689942018e-17
2.168404344971009e-17
1.0842021724855044e-17
5.421010862427522e-18
2.710505431213761e-18
1.3552527156068805e-18
6.776263578034403e-19
11.5
17.25
20.125
21.5625
22.28125
22.640625
22.8203125
22.91015625
203.455078125
293.7275390625
338.86376953125
361.431884765625
372.7159423828125
378.35797119140625
381.1789855957031
382.58949279785156
383.2947463989258
383.6473731994629
383.82368659973145
383.9118432998657
383.95592164993286
383.97796082496643
383.9889804124832
383.9944902062416
383.9972451031208
383.9986225515604
383.9993112757802
383.9996556378901
383.99982781894505
383.9999139094725
383.99995695473626
383.99997847736813
383.99998923868407
383.99999461934203
383.999997309671
383.9999986548355
383.99999932741775
383.9999996637089
383.99999983185444
383.9999999159272
383.9999999579636
383.9999999789818
383.9999999894909
383.99999999474545
383.9999999973727
383.99999999868635
383.9999999993432
383.99999999967156
383.9999999998358
383.9999999999179
383.99999999995896
383.9999999999795
383.99999999998977
383.9999999999949
383.99999999999744
383.99999999999875
383.9999999999994
383.99999999999966
383.99999999999983
383.9999999999999
383.99999999999994
384.0
384.0
384.0
384.0
384.0
384.0
384.0
384.0
384.0
384.0
384.0
384.0
384.0
384.0
384.0
384.0
384.0
384.0
384.0
384.0
384.0
384.0
384.0
384.0
384.0
384.0
384.0
384.0
384.0
384.0
384.0
384.0
384.0
384.0
384.0
384.0
384.0
384.0
384.0
384.0
384.0
384.0
384.0
384.0
384.0
384.0
384.0
279.5
227.25
201.125
188.0625
181.53125
178.265625
176.6328125
175.81640625
175.408203125
175.2041015625
175.10205078125
175.051025390625
175.0255126953125
175.01275634765625
175.00637817382812
177.50318908691406
179.75159454345703
182.87579727172852
184.93789863586426
185.96894931793213
186.48447465896606
186.74223732948303
186.87111866474152
186.93555933237076
186.96777966618538
186.9838898330927
186.99194491654634
186.99597245827317
186.9979862291366
186.9989931145683
186.99949655728415
186.99974827864207
186.99987413932104
186.99993706966052
186.99996853483026
186.99998426741513
186.99999213370756
186.99999606685378
186.9999980334269
186.99999901671345
186.99999950835672
186.99999975417836
186.99999987708918
186.9999999385446
186.9999999692723
186.99999998463613
186.99999999231807
186.99999999615903
186.99999999807952
186.99999999903974
186.99999999951987
186.99999999975995
186.99999999987998
186.99999999993997
186.99999999997
186.999999999985
186.9999999999925
186.99999999999625
186.99999999999812
186.99999999999906
186.99999999999955
186.99999999999977
186.9999999999999
186.99999999999994
186.99999999999997
187.0
187.0
187.0
187.0
187.5
188.75
189.875
191.4375
192.21875
192.609375
193.3046875
193.65234375
193.826171875
193.9130859375
193.95654296875
193.978271484375
193.9891357421875
193.99456787109375
193.99728393554688
193.99864196777344
193.99932098388672
193.99966049194336
193.99983024597168
193.99991512298584
193.99995756149292
193.99997878074646
193.99998939037323
193.99999469518661
193.9999973475933
193.99999867379665
193.99999933689833
193.99999966844916
193.99999983422458
193.9999999171123
193.99999995855615
193.99999997927807
193.99999998963904
193.99999999481952
193.99999999740976
193.99999999870488
193.99999999935244
193.99999999967622
194.9999999998381
196.49999999991905
197.24999999995953
197.62499999997976
197.81249999998988
197.90624999999494
197.95312499999747
197.97656249999875
197.98828124999937
197.9941406249997
197.99707031249983
197.99853515624991
197.99926757812494
197.99963378906247
197.99981689453125
197.99990844726562
197.9999542236328
197.9999771118164
197.9999885559082
197.9999942779541
197.99999713897705
197.99999856948853
197.99999928474426
197.99999964237213
197.99999982118607
197.99999991059303
197.99999995529652
197.99999997764826
197.99999998882413
197.99999999441206
197.99999999720603
197.99999999860302
197.9999999993015
197.99999999965075
197.99999999982538
197.9999999999127
197.99999999995634
197.99999999997817
197.9999999999891
197.99999999999454
197.99999999999727
197.99999999999864
197.99999999999932
197.99999999999966
197.99999999999983
197.99999999999991
197.99999999999994
197.99999999999997
198.0
198.0
198.0
198.0
198.0
198.0
198.0
198.0
198.0
198.0
198.0
198.0
198.0
198.0
198.0
198.0
198.0
198.0
198.0
198.0
198.0
198.0
198.0
198.0
198.0
198.0
198.0
198.0
198.0
198.0
198.0
198.0
198.0
198.0
198.0
198.0
198.0
198.0
198.0
198.0
198.0
198.0
198.0
198.0
198.0
198.0
198.0
198.0
198.0
198.0
198.0
198.0
198.0
198.0
198.0
198.0
198.0
198.0
197.5
196.75
196.375
196.1875
196.09375
196.046875
196.0234375
196.01171875
195.505859375
195.2529296875
194.62646484375
193.813232421875
193.4066162109375
193.20330810546875
193.10165405273438
193.0508270263672
193.0254135131836
193.0127067565918
193.0063533782959
193.00317668914795
193.00158834457397
193.000794172287
193.0003970861435
193.00019854307175
193.00009927153587
193.00004963576794
193.00002481788397
193.00001240894198
193.000006204471
193.0000031022355
193.00000155111775
193.00000077555887
193.00000038777944
193.00000019388972
193.00000009694486
192.50000004847243
192.25000002423621
192.1250000121181
192.06250000605905
192.03125000302953
192.01562500151476
192.00781250075738
192.0039062503787
192.00195312518935
192.00097656259467
192.00048828129735
192.00024414064868
192.00012207032432
191.50006103516216
191.25003051758108
191.12501525879054
191.06250762939527
191.03125381469764
191.0156269073488
191.0078134536744
191.00390672683722
191.0019533634186
190.5009766817093
190.25048834085464
189.62524417042732
189.31262208521366
189.15631104260683
189.07815552130342
189.0390777606517
189.01953888032585
189.00976944016293
189.00488472008146
189.00244236004073
189.00122118002037
189.00061059001018
189.0003052950051
189.00015264750255
189.00007632375127
189.00003816187564
189.00001908093782
189.0000095404689
189.00000477023445
189.00000238511723
189.0000011925586
189.0000005962793
189.00000029813964
189.00000014906982
189.0000000745349
189.00000003726745
189.00000001863373
189.00000000931686
189.00000000465843
189.00000000232922
189.0000000011646
189.0000000005823
189.00000000029115
189.00000000014558
189.0000000000728
189.00000000003638
189.0000000000182
189.0000000000091
189.00000000000455
189.00000000000227
189.00000000000114
189.00000000000057
189.00000000000028
189.00000000000014
189.00000000000006
189.00000000000003
189.0
189.0
189.0
189.0
189.0
189.0
189.0
189.0
189.0
189.0
189.0
189.0
189.0
189.0
189.0
189.0
189.0
189.0
189.0
189.0
189.0
189.0
189.0
189.0
189.0
189.0
189.0
189.0
189.0
189.0
189.0
189.0
189.0
189.0
189.0
189.0
189.0
189.0
189.0
189.0
189.0
189.0
189.0
189.0
189.0
189.0
189.0
189.0
189.0
189.0
189.0
189.0
189.0
189.0
189.0
189.0
189.0
189.0
189.0
189.0
189.0
189.0
189.0
189.0
189.0
189.0
189.0
189.0
189.0
189.0
188.5
188.25
188.125
188.0625
188.03125
188.015625
188.0078125
188.00390625
188.001953125
188.0009765625
188.00048828125
188.000244140625
188.0001220703125
188.00006103515625
187.50003051757812
187.25001525878906
186.62500762939453
186.31250381469727
186.15625190734863
186.07812595367432
186.03906297683716
185.51953148841858
185.2597657442093
185.12988287210464
185.06494143605232
185.03247071802616
185.01623535901308
185.00811767950654
185.00405883975327
185.00202941987664
185.00101470993832
184.50050735496916
184.25025367748458
184.1251268387423
184.06256341937114
184.03128170968557
184.0156408548428
184.0078204274214
184.0039102137107
184.00195510685535
184.00097755342767
184.00048877671384
184.00024438835692
184.00012219417846
184.00006109708923
184.0000305485446
184.0000152742723
184.00000763713615
184.00000381856808
184.00000190928404
184.00000095464202
184.000000477321
184.0000002386605
184.00000011933025
184.00000005966513
184.00000002983256
184.00000001491628
184.00000000745814
184.00000000372907
184.00000000186452
184.00000000093226
184.00000000046612
184.00000000023306
184.00000000011653
184.00000000005826
184.00000000002913
184.00000000001455
184.00000000000728
184.00000000000364
184.00000000000182
184.0000000000009
184.00000000000045
184.00000000000023
184.0000000000001
184.00000000000006
184.00000000000003
184.0
184.0
184.0
184.0
184.0
184.0
184.0
184.0
184.0
184.0
184.0
184.0
184.0
184.0
184.0
184.0
184.0
184.0
184.0
184.0
184.0
184.0
184.0
184.0
184.0
184.0
184.0
184.0
184.0
184.0
184.0
184.0
184.0
184.0
184.0
184.0
184.0
184.0
184.0
184.0
184.0
184.0
184.0
184.0
184.0
184.0
184.0
184.0
184.0
184.0
184.0
184.0
184.0
184.0
184.0
184.5
184.75
184.875
184.9375
184.96875
184.984375
184.9921875
184.99609375
184.998046875
184.9990234375
184.99951171875
184.999755859375
184.9998779296875
184.99993896484375
184.99996948242188
184.99998474121094
184.99999237060547
184.99999618530273
184.99999809265137
184.99999904632568
184.99999952316284
184.99999976158142
184.9999998807907
184.99999994039536
184.99999997019768
184.99999998509884
184.99999999254942
184.9999999962747
184.99999999813735
184.99999999906868
184.99999999953434
184.99999999976717
184.99999999988358
184.9999999999418
184.9999999999709
184.99999999998545
184.99999999999272
184.99999999999636
184.99999999999818
184.9999999999991
184.99999999999955
184.99999999999977
184.9999999999999
184.99999999999994
184.99999999999997
185.0
185.0
185.0
185.0
185.0
185.0
185.0
185.0
185.0
185.0
185.0
185.0
185.0
185.0
185.0
185.0
185.0
185.0
185.0
185.0
185.0
185.0
185.0
185.0
185.0
185.0
185.0
185.0
185.0
185.0
185.0
185.0
185.0
185.0
185.0
185.0
185.0
185.0
185.0
185.0
185.0
185.0
185.0
185.0
185.0
185.0
185.0
185.0
185.0
185.0
185.0
185.0
185.0
185.0
185.0
185.0
185.0
185.0
185.0
185.0
185.0
185.0
185.0
185.0
185.0
185.0
185.0
185.0
185.0
185.0
185.0
185.0
185.0
185.0
185.0
185.0
185.0
185.0
185.0
185.0
185.0
185.0
185.0
185.5
185.75
185.875
185.9375
185.96875
185.984375
185.9921875
185.99609375
185.998046875
185.9990234375
185.99951171875
185.999755859375
186.4998779296875
186.74993896484375
186.87496948242188
186.93748474121094
186.96874237060547
186.98437118530273
186.99218559265137
186.99609279632568
186.99804639816284
186.99902319908142
186.9995115995407
186.99975579977036
186.99987789988518
186.9999389499426
186.9999694749713
186.99998473748565
186.99999236874282
186.9999961843714
186.9999980921857
186.99999904609285
186.99999952304643
186.9999997615232
186.9999998807616
186.9999999403808
186.9999999701904
186.9999999850952
186.9999999925476
186.9999999962738
186.9999999981369
186.99999999906845
186.99999999953423
186.9999999997671
186.99999999988356
186.9999999999418
186.9999999999709
186.99999999998545
186.99999999999272
186.99999999999636
186.99999999999818
186.9999999999991
186.99999999999955
186.99999999999977
186.9999999999999
186.99999999999994
186.99999999999997
187.0
187.0
187.0
187.0
187.0
187.0
187.0
187.0
187.0
187.0
187.0
187.0
187.0
187.0
187.0
187.0
187.0
187.0
187.0
187.0
187.0
187.0
187.0
187.0
187.0
187.0
187.0
187.0
187.0
187.0
187.0
187.0
187.0
187.0
187.0
187.0
187.0
187.0
187.0
187.0
187.0
187.0
187.0
187.0
187.0
187.0
187.0
187.0
187.0
187.0
187.0
187.0
187.0
187.0
187.0
186.5
185.75
185.375
185.1875
185.09375
185.046875
185.0234375
185.01171875
185.005859375
185.0029296875
185.00146484375
185.000732421875
185.0003662109375
185.00018310546875
185.00009155273438
185.0000457763672
185.0000228881836
185.0000114440918
185.0000057220459
185.00000286102295
185.00000143051147
185.00000071525574
185.00000035762787
185.00000017881393
185.00000008940697
185.00000004470348
185.00000002235174
185.00000001117587
185.00000000558794
185.00000000279397
185.00000000139698
185.0000000006985
185.00000000034925
185.00000000017462
185.0000000000873
185.00000000004366
185.00000000002183
185.0000000000109
185.00000000000546
184.50000000000273
184.25000000000136
184.12500000000068
184.06250000000034
184.03125000000017
184.01562500000009
184.00781250000006
184.00390625000003
184.001953125
184.0009765625
184.00048828125
184.000244140625
184.0001220703125
184.00006103515625
184.00003051757812
184.00001525878906
184.00000762939453
184.00000381469727
184.00000190734863
184.00000095367432
184.00000047683716
184.00000023841858
184.0000001192093
184.00000005960464
184.00000002980232
184.00000001490116
184.00000000745058
184.0000000037253
184.00000000186265
184.00000000093132
184.00000000046566
184.00000000023283
184.00000000011642
184.0000000000582
184.0000000000291
184.00000000001455
184.00000000000728
184.00000000000364
184.00000000000182
184.0000000000009
184.00000000000045
184.00000000000023
184.0000000000001
184.00000000000006
184.00000000000003
184.0
184.0
184.0
184.0
184.0
184.0
184.0
184.0
184.0
184.0
184.0
184.0
184.0
184.0
184.0
184.0
184.0
184.5
184.75
184.875
184.9375
184.96875
184.984375
184.9921875
184.99609375
184.998046875
184.9990234375
184.99951171875
184.999755859375
184.9998779296875
184.99993896484375
184.99996948242188
184.99998474121094
184.99999237060547
184.99999618530273
184.99999809265137
184.99999904632568
184.99999952316284
184.99999976158142
184.9999998807907
184.99999994039536
184.99999997019768
184.99999998509884
184.99999999254942
184.9999999962747
184.99999999813735
184.99999999906868
184.99999999953434
184.99999999976717
184.99999999988358
184.9999999999418
184.9999999999709
184.99999999998545
184.99999999999272
184.99999999999636
184.99999999999818
184.9999999999991
184.99999999999955
184.99999999999977
184.9999999999999
184.99999999999994
184.99999999999997
185.0
185.0
185.0
185.0
185.0
185.0
185.0
185.0
185.0
185.0
185.0
185.0
185.0
185.0
185.0
185.0
185.0
185.0
185.0
185.0
185.0
185.0
185.0
185.0
185.0
185.0
185.0
185.0
185.0
185.0
185.0
185.0
185.0
185.0
185.0
185.0
185.0
185.0
185.0
185.0
185.0
185.0
185.0
185.0
185.0
185.0
185.0
185.0
185.0
185.0
185.0
185.0
185.0
185.0
185.0
184.5
184.25
184.125
184.0625
184.03125
184.015625
184.0078125
184.00390625
184.001953125
184.0009765625
184.00048828125
184.000244140625
184.0001220703125
184.00006103515625
184.00003051757812
184.00001525878906
184.00000762939453
184.00000381469727
184.00000190734863
184.00000095367432
184.00000047683716
184.00000023841858
184.0000001192093
184.00000005960464
184.00000002980232
184.00000001490116
184.00000000745058
184.0000000037253
184.00000000186265
184.00000000093132
184.00000000046566
184.00000000023283
184.00000000011642
184.0000000000582
184.0000000000291
184.00000000001455
184.00000000000728
184.00000000000364
184.00000000000182
184.0000000000009
184.00000000000045
184.00000000000023
184.0000000000001
184.00000000000006
184.00000000000003
184.0
184.0
184.0
184.0
184.0
184.0
184.0
184.0
184.0
184.0
184.0
184.0
184.0
184.0
184.0
184.0
184.5
184.75
184.875
184.9375
184.96875
184.984375
184.9921875
184.99609375
184.998046875
184.9990234375
184.99951171875
184.999755859375
184.9998779296875
184.99993896484375
184.99996948242188
184.99998474121094
184.99999237060547
184.99999618530273
184.99999809265137
184.99999904632568
184.99999952316284
184.99999976158142
184.9999998807907
184.99999994039536
184.99999997019768
184.99999998509884
184.99999999254942
184.9999999962747
184.99999999813735
184.99999999906868
184.99999999953434
184.99999999976717
184.99999999988358
184.9999999999418
184.9999999999709
184.99999999998545
184.99999999999272
184.99999999999636
184.99999999999818
184.9999999999991
184.99999999999955
184.99999999999977
184.9999999999999
184.99999999999994
184.99999999999997
185.0
185.0
185.0
185.0
185.0
185.0
185.0
185.0
185.0
185.0
185.0
185.0
185.0
185.0
185.0
185.0
185.0
185.0
185.0
185.0
185.0
185.0
185.0
185.0
185.0
185.0
185.0
185.0
185.0
185.0
185.0
185.0
185.0
185.0
185.0
185.0
185.0
185.0
185.0
185.5
185.75
185.875
185.9375
185.96875
185.984375
185.9921875
185.99609375
185.998046875
185.9990234375
185.99951171875
185.999755859375
185.9998779296875
185.99993896484375
185.99996948242188
185.99998474121094
185.99999237060547
185.99999618530273
185.99999809265137
185.99999904632568
185.99999952316284
185.99999976158142
185.9999998807907
185.99999994039536
185.99999997019768
185.99999998509884
185.99999999254942
185.9999999962747
185.99999999813735
185.99999999906868
185.99999999953434
185.99999999976717
185.99999999988358
185.9999999999418
185.9999999999709
185.99999999998545
185.99999999999272
185.99999999999636
185.99999999999818
185.9999999999991
