50.0
25.0
12.5
6.25
3.125
1.5625
0.78125
0.390625
0.1953125
0.09765625
0.048828125
0.0244140625
0.01220703125
0.006103515625
0.0030517578125
0.00152587890625
0.000762939453125
0.0003814697265625
0.00019073486328125
9.5367431640625e-05
4.76837158203125e-05
2.384185791015625e-05
1.1920928955078125e-05
5.9604644775390625e-06
2.9802322387695312e-06
1.4901161193847656e-06
7.450580596923828e-07
3.725290298461914e-07
1.862645149230957e-07
9.313225746154785e-08
4.6566128730773926e-08
2.3283064365386963e-08
1.1641532182693481e-08
5.820766091346741e-09
2.9103830456733704e-09
1.4551915228366852e-09
7.275957614183426e-10
3.637978807091713e-10
1.8189894035458565e-10
9.094947017729282e-11
4.547473508864641e-11
2.2737367544323206e-11
1.1368683772161603e-11
5.6843418860808015e-12
2.8421709430404007e-12
1.4210854715202004e-12
7.105427357601002e-13
3.552713678800501e-13
1.7763568394002505e-13
8.881784197001252e-14
4.440892098500626e-14
2.220446049250313e-14
1.1102230246251565e-14
5.551115123125783e-15
2.7755575615628914e-15
1.3877787807814457e-15
6.938893903907228e-16
3.469446951953614e-16
1.734723475976807e-16
8.673617379884035e-17
4.336808689942018e-17
2.168404344971009e-17
1.0842021724855044e-17
5.421010862427522e-18
2.710505431213761e-18
1.3552527156068805e-18
6.776263578034403e-19
3.3881317890172014e-19
1.6940658945086007e-19
8.470329472543003e-20
4.2351647362715017e-20
2.1175823681357508e-20
1.0587911840678754e-20
5.293955920339377e-21
2.6469779601696886e-21
1.3234889800848443e-21
6.617444900424221e-22
3.3087224502121107e-22
1.6543612251060553e-22
8.271806125530277e-23
4.1359030627651384e-23
2.0679515313825692e-23
1.0339757656912846e-23
5.169878828456423e-24
2.5849394142282115e-24
1.2924697071141057e-24
6.462348535570529e-25
3.2311742677852644e-25
1.6155871338926322e-25
8.077935669463161e-26
4.0389678347315804e-26
2.0194839173657902e-26
1.0097419586828951e-26
5.0487097934144756e-27
2.5243548967072378e-27
1.2621774483536189e-27
6.310887241768094e-28
3.155443620884047e-28
1.5777218104420236e-28
7.888609052210118e-29
3.944304526105059e-29
1.9721522630525295e-29
9.860761315262648e-30
4.930380657631324e-30
2.465190328815662e-30
1.232595164407831e-30
6.162975822039155e-31
3.0814879110195774e-31
1.5407439555097887e-31
7.703719777548943e-32
3.8518598887744717e-32
1.9259299443872359e-32
9.629649721936179e-33
4.8148248609680896e-33
2.4074124304840448e-33
1.2037062152420224e-33
6.018531076210112e-34
3.009265538105056e-34
1.504632769052528e-34
7.52316384526264e-35
3.76158192263132e-35
1.88079096131566e-35
9.4039548065783e-36
4.70197740328915e-36
2.350988701644575e-36
1.1754943508222875e-36
5.8774717541114375e-37
2.9387358770557188e-37
1.4693679385278594e-37
7.346839692639297e-38
3.6734198463196485e-38
1.8367099231598242e-38
9.183549615799121e-39
4.5917748078995606e-39
2.2958874039497803e-39
1.1479437019748901e-39
5.739718509874451e-40
2.8698592549372254e-40
1.4349296274686127e-40
7.174648137343063e-41
3.5873240686715317e-41
1.7936620343357659e-41
8.968310171678829e-42
4.4841550858394146e-42
2.2420775429197073e-42
1.1210387714598537e-42
5.605193857299268e-43
2.802596928649634e-43
1.401298464324817e-43
7.006492321624085e-44
3.5032461608120427e-44
1.7516230804060213e-44
8.758115402030107e-45
4.3790577010150533e-45
2.1895288505075267e-45
1.0947644252537633e-45
5.473822126268817e-46
2.7369110631344083e-46
1.3684555315672042e-46
6.842277657836021e-47
3.4211388289180104e-47
1.7105694144590052e-47
8.552847072295026e-48
4.276423536147513e-48
2.1382117680737565e-48
1.0691058840368783e-48
11.0
16.5
19.25
20.625
21.3125
21.65625
21.828125
21.9140625
21.95703125
21.978515625
22.4892578125
22.74462890625
22.872314453125
22.9361572265625
22.96807861328125
22.984039306640625
22.992019653320312
22.996009826660156
22.998004913330078
22.99900245666504
22.99950122833252
24.99975061416626
34.99987530708313
50.499937653541565
58.24996882677078
62.12498441338539
64.0624922066927
65.03124610334635
65.51562305167317
65.75781152583659
65.8789057629183
65.93945288145915
65.96972644072957
65.98486322036479
65.9924316101824
65.9962158050912
65.9981079025456
65.9990539512728
65.9995269756364
65.9997634878182
65.9998817439091
65.99994087195455
65.99997043597727
65.99998521798864
65.99999260899432
65.99999630449716
65.99999815224858
65.99999907612428
65.99999953806214
65.99999976903106
65.99999988451553
65.99999994225777
65.99999997112889
65.99999998556444
65.99999999278222
65.99999999639111
65.99999999819556
65.99999999909778
65.99999999954889
65.99999999977445
65.99999999988722
65.99999999994361
65.9999999999718
65.9999999999859
65.99999999999295
65.99999999999648
65.99999999999824
65.99999999999912
65.99999999999956
65.99999999999977
65.99999999999989
65.99999999999994
65.99999999999997
65.99999999999999
66.0
66.0
66.0
66.0
66.0
66.0
66.0
66.0
66.0
66.0
66.0
66.0
66.0
66.5
67.25
68.625
69.8125
70.40625
70.703125
72.3515625
74.17578125
77.087890625
81.0439453125
87.02197265625
95.010986328125
101.0054931640625
104.00274658203125
105.50137329101562
106.25068664550781
106.6253433227539
106.81267166137695
106.90633583068848
106.95316791534424
106.97658395767212
106.98829197883606
106.99414598941803
106.99707299470901
106.99853649735451
106.99926824867725
106.99963412433863
106.99981706216931
106.99990853108466
106.99995426554233
106.99997713277116
106.99998856638558
106.99999428319279
106.9999971415964
106.9999985707982
106.9999992853991
106.99999964269955
106.99999982134977
106.99999991067489
106.99999995533744
106.99999997766872
106.99999998883436
106.99999999441718
106.99999999720859
106.9999999986043
106.99999999930215
106.99999999965107
106.99999999982553
106.99999999991277
106.99999999995639
106.9999999999782
106.9999999999891
106.99999999999454
106.99999999999727
106.99999999999864
106.99999999999932
106.99999999999966
107.49999999999983
108.74999999999991
111.87499999999996
116.43749999999997
118.71874999999999
119.859375
120.4296875
120.71484375
120.857421875
124.9287109375
127.96435546875
129.482177734375
132.7410888671875
135.37054443359375
136.68527221679688
138.84263610839844
141.92131805419922
144.4606590270996
146.7303295135498
148.3651647567749
150.18258237838745
152.59129118919373
155.79564559459686
159.39782279729843
164.19891139864922
167.5994556993246
169.7997278496623
172.39986392483115
174.69993196241558
177.8499659812078
179.4249829906039
180.21249149530195
180.60624574765097
180.8031228738255
180.90156143691274
180.95078071845637
180.9753903592282
180.9876951796141
180.99384758980705
180.99692379490352
180.99846189745176
180.99923094872588
180.99961547436294
180.99980773718147
180.99990386859074
180.99995193429538
180.9999759671477
180.99998798357385
180.99999399178694
180.99999699589347
180.99999849794673
180.99999924897338
181.9999996244867
182.49999981224335
182.74999990612167
182.87499995306084
182.93749997653043
182.96874998826522
182.98437499413262
182.9921874970663
182.99609374853316
182.99804687426658
182.9990234371333
182.99951171856665
182.9997558592833
182.99987792964166
182.99993896482084
182.99996948241042
182.9999847412052
182.9999923706026
182.9999961853013
182.99999809265066
182.99999904632534
182.99999952316267
182.99999976158134
182.99999988079065
182.99999994039533
182.99999997019768
182.99999998509884
182.99999999254942
182.9999999962747
182.99999999813735
182.99999999906868
182.99999999953434
182.99999999976717
182.99999999988358
182.9999999999418
182.9999999999709
182.99999999998545
182.99999999999272
182.99999999999636
182.99999999999818
182.9999999999991
182.99999999999955
182.99999999999977
182.9999999999999
182.99999999999994
182.99999999999997
183.0
183.0
183.0
183.0
183.0
183.0
183.0
183.0
183.0
183.0
183.0
183.0
183.0
183.0
183.0
183.0
183.0
183.0
183.0
183.0
183.0
183.0
183.0
183.0
183.5
184.25
184.625
184.8125
184.90625
184.953125
184.9765625
184.98828125
184.994140625
184.9970703125
184.99853515625
184.999267578125
184.9996337890625
184.99981689453125
184.99990844726562
184.9999542236328
184.9999771118164
184.9999885559082
184.9999942779541
184.99999713897705
184.99999856948853
184.99999928474426
184.99999964237213
184.99999982118607
184.99999991059303
184.99999995529652
184.99999997764826
184.99999998882413
185.49999999441206
185.74999999720603
185.87499999860302
185.9374999993015
185.96874999965075
185.98437499982538
185.9921874999127
185.99609374995634
185.99804687497817
185.9990234374891
185.99951171874454
185.99975585937227
185.99987792968614
185.99993896484307
185.99996948242153
185.99998474121077
185.99999237060538
185.99999618530268
185.99999809265134
185.99999904632568
185.99999952316284
185.99999976158142
185.9999998807907
185.99999994039536
185.49999997019768
184.74999998509884
184.37499999254942
184.1874999962747
184.09374999813735
184.04687499906868
184.02343749953434
184.01171874976717
184.00585937488358
184.0029296874418
184.0014648437209
184.00073242186045
184.00036621093022
184.0001831054651
184.00009155273256
184.00004577636628
184.00002288818314
183.50001144409157
183.25000572204578
183.1250028610229
182.56250143051145
182.28125071525574
182.14062535762787
182.07031267881393
182.03515633940697
181.51757816970348
181.25878908485174
181.12939454242587
181.06469727121294
181.03234863560647
181.01617431780323
181.00808715890162
181.0040435794508
181.0020217897254
181.0010108948627
181.00050544743135
181.00025272371568
180.50012636185784
180.25006318092892
180.12503159046446
180.06251579523223
180.03125789761611
180.01562894880806
180.00781447440403
180.00390723720201
180.00195361860102
180.0009768093005
180.00048840465024
180.00024420232512
180.00012210116256
180.00006105058128
180.00003052529064
180.00001526264532
180.00000763132266
180.00000381566133
180.00000190783067
180.00000095391533
180.00000047695767
180.00000023847883
179.50000011923942
178.2500000596197
177.12500002980985
176.0625000149049
175.53125000745246
175.26562500372623
175.1328125018631
175.06640625093155
175.03320312546577
175.0166015627329
175.00830078136644
175.0041503906832
175.0020751953416
175.0010375976708
174.5005187988354
172.7502593994177
170.87512969970885
168.93756484985443
167.9687824249272
167.4843912124636
167.2421956062318
167.1210978031159
167.06054890155795
167.03027445077896
167.01513722538948
167.00756861269474
167.00378430634737
167.00189215317369
167.00094607658684
167.00047303829342
167.0002365191467
167.00011825957336
167.00005912978668
167.00002956489334
167.00001478244667
167.00000739122333
167.00000369561167
167.00000184780583
167.00000092390292
167.00000046195146
167.00000023097573
167.00000011548786
166.50000005774393
166.25000002887197
166.12500001443598
166.06250000721798
166.031250003609
166.0156250018045
166.00781250090225
166.0039062504511
166.00195312522555
166.00097656261278
166.0004882813064
166.0002441406532
166.0001220703266
166.0000610351633
166.00003051758165
166.00001525879082
166.0000076293954
166.00000381469772
166.00000190734886
166.00000095367443
166.00000047683722
166.0000002384186
166.0000001192093
166.00000005960464
166.00000002980232
166.00000001490116
166.00000000745058
166.0000000037253
166.00000000186265
166.00000000093132
166.00000000046566
166.00000000023283
166.00000000011642
166.0000000000582
166.0000000000291
166.00000000001455
166.00000000000728
166.00000000000364
166.00000000000182
166.0000000000009
166.00000000000045
166.00000000000023
166.0000000000001
166.00000000000006
166.00000000000003
166.0
166.0
166.0
166.0
166.0
166.0
166.0
166.0
166.0
166.0
166.0
166.0
166.0
166.0
166.0
166.0
166.0
166.0
166.0
166.0
166.0
166.0
166.0
166.0
166.0
166.0
166.0
166.0
166.0
166.0
166.0
166.0
166.0
166.0
166.0
166.0
166.0
166.0
166.0
166.0
166.0
166.0
166.0
166.0
166.0
166.0
166.0
166.0
166.0
166.0
166.0
166.0
166.0
166.0
166.0
166.0
166.5
166.75
166.875
166.9375
166.96875
166.984375
166.9921875
166.99609375
166.998046875
166.9990234375
166.99951171875
166.999755859375
166.9998779296875
167.49993896484375
167.74996948242188
167.87498474121094
167.93749237060547
167.96874618530273
167.98437309265137
167.99218654632568
167.99609327316284
167.99804663658142
167.9990233182907
167.99951165914536
167.99975582957268
167.99987791478634
167.99993895739317
168.49996947869658
168.7499847393483
168.87499236967415
168.93749618483707
168.96874809241854
168.98437404620927
168.99218702310463
168.99609351155232
168.99804675577616
168.99902337788808
168.99951168894404
168.99975584447202
168.999877922236
168.999938961118
168.999969480559
168.9999847402795
168.99999237013975
168.99999618506988
168.99999809253495
168.99999904626748
168.99999952313374
168.99999976156687
168.99999988078343
168.99999994039172
168.99999997019586
168.99999998509793
168.99999999254896
168.99999999627448
168.99999999813724
168.99999999906862
168.9999999995343
168.99999999976717
168.99999999988358
168.9999999999418
168.9999999999709
168.99999999998545
168.99999999999272
168.99999999999636
168.99999999999818
168.9999999999991
168.99999999999955
168.99999999999977
168.9999999999999
168.99999999999994
168.99999999999997
169.0
169.0
169.0
169.0
169.0
169.0
169.0
169.0
169.0
169.0
169.0
169.0
169.0
169.0
169.0
169.0
169.0
169.0
169.0
169.0
169.0
169.0
169.0
169.0
169.0
169.0
169.0
169.0
169.0
169.0
169.0
169.0
169.0
169.0
169.0
169.0
169.0
169.0
169.0
169.0
169.0
169.0
169.0
169.0
169.0
169.0
169.0
169.0
169.0
169.0
169.0
169.0
169.0
169.0
169.0
169.0
169.0
169.0
169.0
169.0
169.0
169.0
169.0
169.0
169.0
169.0
169.0
169.0
169.0
169.0
169.0
169.0
169.0
169.0
169.0
169.0
169.0
169.0
169.0
169.0
169.0
169.0
169.0
169.0
169.0
169.0
169.0
169.0
169.0
169.0
169.0
169.0
169.0
169.0
169.0
169.0
169.0
169.0
169.0
169.0
169.0
169.0
169.0
169.0
169.0
169.0
169.0
169.0
169.0
169.0
169.0
169.0
169.0
169.0
169.0
169.0
169.0
169.0
169.0
169.0
169.0
169.0
169.0
169.0
169.0
169.0
169.0
169.0
169.0
169.0
169.0
169.0
169.0
169.0
169.0
169.0
169.0
169.0
169.0
169.0
169.0
169.0
169.0
169.0
168.5
168.25
168.125
168.0625
168.03125
168.015625
168.0078125
168.00390625
168.001953125
168.0009765625
168.00048828125
168.000244140625
168.0001220703125
168.00006103515625
168.00003051757812
168.00001525878906
168.00000762939453
168.00000381469727
168.00000190734863
168.00000095367432
168.00000047683716
168.00000023841858
168.0000001192093
168.00000005960464
168.00000002980232
168.00000001490116
168.00000000745058
168.0000000037253
168.00000000186265
168.00000000093132
168.00000000046566
168.00000000023283
168.00000000011642
168.0000000000582
168.0000000000291
168.00000000001455
168.00000000000728
168.00000000000364
168.00000000000182
167.5000000000009
167.25000000000045
167.12500000000023
167.0625000000001
167.03125000000006
167.01562500000003
167.0078125
167.00390625
167.001953125
167.0009765625
167.00048828125
167.000244140625
167.0001220703125
167.00006103515625
167.00003051757812
167.00001525878906
167.00000762939453
167.00000381469727
167.00000190734863
167.00000095367432
167.00000047683716
167.00000023841858
167.0000001192093
167.00000005960464
167.00000002980232
167.00000001490116
167.00000000745058
167.0000000037253
167.00000000186265
167.00000000093132
167.00000000046566
167.00000000023283
167.00000000011642
167.0000000000582
167.0000000000291
167.00000000001455
167.00000000000728
167.00000000000364
167.00000000000182
167.0000000000009
167.00000000000045
167.00000000000023
167.0000000000001
167.00000000000006
167.00000000000003
167.0
167.0
167.0
167.0
167.0
167.0
167.0
167.0
167.0
167.0
167.0
167.0
167.0
167.0
167.0
167.0
167.0
167.0
167.0
167.0
167.0
167.0
167.0
167.0
167.0
167.0
167.0
167.0
167.0
167.0
167.0
167.0
167.0
167.0
167.0
167.0
167.0
167.0
167.0
167.0
167.0
167.0
167.0
167.0
167.0
167.0
167.0
167.0
167.0
167.0
167.0
167.0
167.0
167.0
167.0
167.5
167.75
167.875
167.9375
167.96875
167.984375
167.9921875
167.99609375
167.998046875
167.9990234375
167.99951171875
167.999755859375
167.9998779296875
167.99993896484375
167.99996948242188
167.99998474121094
167.99999237060547
167.99999618530273
167.99999809265137
167.99999904632568
167.99999952316284
167.99999976158142
167.9999998807907
167.99999994039536
167.99999997019768
167.99999998509884
167.99999999254942
167.9999999962747
167.99999999813735
167.99999999906868
167.99999999953434
167.99999999976717
167.99999999988358
167.9999999999418
167.9999999999709
167.99999999998545
167.99999999999272
167.99999999999636
167.99999999999818
167.9999999999991
167.99999999999955
167.99999999999977
167.9999999999999
167.99999999999994
167.99999999999997
168.0
168.0
168.0
168.0
168.0
168.0
168.0
168.0
168.0
168.0
168.0
168.0
168.0
168.0
168.0
168.0
168.0
168.0
168.0
168.0
168.0
168.0
168.0
168.0
168.0
168.0
168.0
168.0
168.0
168.0
168.0
168.0
168.0
168.0
168.0
168.0
168.0
168.0
168.0
168.0
168.0
168.0
168.0
168.0
168.0
168.0
168.0
168.0
168.0
168.0
168.0
168.0
168.0
168.0
168.0
168.0
168.0
168.0
168.0
168.0
168.0
168.0
168.0
168.0
167.5
167.25
167.125
167.0625
167.03125
167.015625
167.0078125
167.00390625
167.001953125
167.0009765625
167.00048828125
167.000244140625
167.0001220703125
167.00006103515625
167.00003051757812
167.00001525878906
167.00000762939453
167.00000381469727
167.00000190734863
167.00000095367432
167.00000047683716
167.00000023841858
167.0000001192093
167.00000005960464
167.00000002980232
167.00000001490116
167.00000000745058
167.0000000037253
167.00000000186265
167.00000000093132
167.00000000046566
167.00000000023283
167.00000000011642
167.0000000000582
167.0000000000291
167.00000000001455
167.00000000000728
167.00000000000364
167.00000000000182
167.0000000000009
167.00000000000045
167.00000000000023
167.0000000000001
167.00000000000006
167.00000000000003
167.0
167.0
167.0
167.0
167.0
167.0
167.0
167.0
167.0
167.0
167.0
167.0
167.0
167.0
167.0
167.0
167.0
167.0
167.0
167.0
167.0
167.0
167.0
167.0
167.0
167.0
167.0
167.0
167.0
167.0
167.0
167.0
167.0
167.0
167.0
167.0
167.0
167.0
167.0
167.0
167.0
167.0
167.0
167.0
167.0
167.0
167.0
167.0
167.0
167.0
167.0
167.0
167.0
167.0
167.0
167.5
167.75
167.875
167.9375
167.96875
167.984375
167.9921875
167.99609375
167.998046875
167.9990234375
167.99951171875
167.999755859375
167.9998779296875
167.99993896484375
168.49996948242188
168.74998474121094
168.87499237060547
168.93749618530273
168.96874809265137
168.98437404632568
168.99218702316284
168.99609351158142
168.9980467557907
168.99902337789536
168.99951168894768
168.99975584447384
168.99987792223692
168.99993896111846
168.99996948055923
168.99998474027961
168.9999923701398
168.9999961850699
168.99999809253495
168.99999904626748
168.99999952313374
168.99999976156687
168.99999988078343
168.99999994039172
168.99999997019586
169.49999998509793
169.74999999254896
169.87499999627448
169.93749999813724
169.96874999906862
169.9843749995343
169.99218749976717
169.99609374988358
169.9980468749418
169.9990234374709
169.99951171873545
169.99975585936772
169.99987792968386
169.99993896484193
169.99996948242097
169.99998474121048
169.99999237060524
169.99999618530262
169.9999980926513
169.99999904632566
169.99999952316284
169.99999976158142
169.9999998807907
169.99999994039536
169.99999997019768
170.49999998509884
170.74999999254942
170.8749999962747
170.93749999813735
170.96874999906868
